64 64
  -169.1  -178.2  -186.3  -173.4  -142.5  -206.7  -180.5  -140.4
  -106.9   -62.1     7.8   -67.0  -218.9  -202.3   -95.0    72.7
    84.1    77.2   -64.0   -60.9  -105.6  -116.4   -72.7   -55.9
   -20.6    -7.9   -99.4  -113.9   -99.4   -80.4   -83.8   -86.6
   -98.6  -106.1  -107.3  -100.0   -94.5   -88.6   -84.3   -78.3
   -64.1   -52.2   -44.5   -32.5   -45.8   -53.4   -53.6   -50.9
   -44.0   -40.9   -25.5   -16.2   -10.2     7.6    28.7    40.7
    54.9    53.6    47.7    38.2    33.1    29.6     5.0   -28.9
  -173.6  -178.6  -196.8  -201.7  -197.8  -182.4  -189.0  -173.9
   -70.7   -79.1  -100.9   -67.5   -73.9  -174.4  -161.6   -54.0
   -22.4    76.4   105.8    28.0   -67.6  -143.7  -128.5   -47.5
     2.5    19.2    32.0   -37.0   -91.0   -68.0   -57.6   -61.2
   -70.1   -83.8   -88.8   -82.0   -77.5   -72.1   -68.1   -61.1
   -44.5   -36.5   -31.1   -23.0   -32.6   -47.7   -52.1   -52.6
   -51.1   -43.4   -17.5     2.4    -2.1    -7.3    10.9    53.5
    96.7    83.4    49.7    37.3    28.8    12.6   -12.8   -44.4
  -194.7  -199.0  -176.9  -192.6  -206.1  -150.7  -217.4  -203.8
  -170.7  -102.0   -94.3  -131.3   -47.2     3.5   -84.0     2.8
   -43.0   -35.9   183.6   262.6    48.9   -90.9  -155.9  -100.3
   -24.0    64.2    59.5    53.2   -33.5   -57.7   -56.4   -48.8
   -51.8   -59.6   -70.4   -70.5   -66.8   -63.0   -61.1   -45.9
   -32.5   -18.6   -12.8   -13.5   -12.4   -30.9   -39.9   -48.1
   -49.8   -44.6   -26.4    -0.2    -7.6   -20.7    -0.9    40.0
    90.2   105.0    81.9    60.1    37.4    10.2   -21.3   -38.8
  -238.1  -237.7  -218.9  -176.0  -209.6  -166.9  -171.4  -198.8
  -202.6  -175.4  -134.3  -145.9  -125.7   -63.0   -26.1   -32.9
    38.2   348.9   144.9   274.6   231.9   -13.5  -125.2  -132.9
   -97.6   -42.8     2.4    36.3    51.1    37.1   -41.2   -46.2
   -46.6   -53.5   -70.9   -67.1   -61.5   -59.3   -55.3   -39.4
   -26.9   -12.8    -7.5    -3.3    -2.5   -10.1   -24.0   -33.2
   -37.0   -36.2   -29.1   -15.8   -17.0   -20.2    -5.7    27.6
    47.4    69.2    84.4    70.9    41.4    10.1   -17.1   -29.0
  -259.3  -253.6  -239.8  -231.4  -204.1  -203.4  -211.6  -215.3
  -211.8  -197.1  -205.1  -194.9  -157.3  -130.6   -49.1   -27.9
   -51.1   111.8    37.6   118.5   195.7    79.1  -101.8   -99.0
  -109.0  -106.1   -70.8   -40.0   -22.8    27.3    67.8    21.1
   -14.4   -50.0   -70.4   -59.4   -59.1   -62.6   -51.0   -45.9
   -36.4   -24.9   -10.3     1.3     2.1     0.7    -9.7   -17.7
   -21.8   -19.4   -16.2   -11.1    -9.1   -10.6    -3.5    12.4
    27.0    37.0    40.1    44.6    40.1     9.5   -18.2   -15.1
  -259.2  -258.1  -238.7  -237.9  -238.9  -223.3  -228.5  -227.6
  -185.8  -168.5  -184.9  -208.0  -188.7  -170.0  -113.1   -43.4
  -112.4   -96.8   -23.9    12.7   109.8    58.8   -42.5   -25.0
   -69.8  -100.0  -102.8   -96.0   -72.3   -32.4    -3.0     5.7
    11.5   -10.2   -19.3   -16.5   -22.6    10.9    20.1    13.3
    59.4    55.0   -22.7   -10.1    -0.3     3.0     1.5    -6.3
   -10.6   -13.1    -5.8    -5.9    -4.7   -10.8   -11.0    -0.6
    12.9    17.7    17.1     8.2     4.7     2.5     7.7    19.8
  -236.7  -250.3  -245.0  -227.1  -211.0  -219.2  -237.2  -245.5
  -234.7  -225.4  -227.4  -180.4  -184.6  -185.0  -158.7  -130.6
  -115.2  -104.2   -84.1   -68.5   -23.1   -63.9   -99.8   -91.0
   -97.4  -121.0  -123.8  -128.4  -101.6   -92.6   -71.8   -35.8
    34.4    26.9    41.0    19.1    46.8    42.8    43.0    25.7
    51.0    37.5     1.1   -14.5   -11.4    -4.2    -1.6    -6.8
    -6.6    -6.5    -6.1    -7.5   -15.5   -20.1   -25.4   -17.7
    -7.6    -5.5    -9.7   -19.6   -21.3   -13.2     6.6    22.6
  -275.0  -261.1  -237.0  -238.3  -243.1  -245.3  -239.8  -249.7
  -249.1  -250.5  -240.8  -232.6  -213.0  -200.9  -174.2  -160.6
  -142.2  -129.6  -107.8   -98.6  -131.0  -132.7  -138.1  -138.9
  -132.6  -146.8  -151.1  -140.1  -123.7   -81.7   -89.1   -52.6
     9.9    50.5    57.7    88.6   113.4   234.2   202.8   222.7
   299.3   245.3    79.9    85.1    27.5    23.7    -1.2    -6.6
    -8.2    -7.8    -9.2   -13.6   -22.2   -27.4   -28.9   -22.4
   -24.2   -33.1   -35.8   -37.7   -33.5   -25.9   -15.9     1.3
  -279.1  -268.2  -248.9  -242.7  -253.1  -248.8  -234.1  -241.4
  -243.0  -228.0  -226.4  -252.6  -214.7  -192.5  -212.1  -191.0
  -168.4  -154.0  -148.2  -140.4  -156.6  -171.6  -176.1  -173.8
  -157.4  -155.9  -161.6  -159.7  -150.7  -127.0  -106.4   -96.0
     0.6   -10.1    19.7    16.8    47.5    95.4   188.1   295.3
   337.2   405.5   318.5   351.2   140.3    66.6    37.0    10.0
   -15.3   -10.8   -10.0   -13.8   -24.7   -30.6   -27.4   -25.9
   -28.1   -30.0   -31.1   -33.9   -34.8   -33.6   -33.5   -25.7
  -300.3  -292.1  -273.0  -251.9  -273.6  -278.3  -266.1  -255.0
  -242.4  -233.2  -242.1  -250.9  -243.2  -229.9  -219.1  -217.7
  -205.5  -190.1  -184.1  -179.3  -160.4  -172.5  -191.3  -201.9
  -196.3  -189.2  -186.2  -185.1  -170.2  -147.0  -136.3  -115.6
  -110.4  -106.0   -92.3   -64.6   -32.0    20.1   102.2   142.7
   186.6   205.5   192.1   141.9    87.1    87.5    73.4    41.1
   -13.2   -21.3   -10.4   -17.3   -27.4   -30.5   -24.7   -25.7
   -23.3   -20.0   -26.5   -31.4   -35.6   -36.8   -35.8   -36.2
  -305.2  -306.6  -307.0  -288.7  -236.8  -301.0  -285.9  -281.4
  -265.9  -266.1  -269.3  -264.7  -239.7  -258.1  -253.7  -241.0
  -231.8  -219.9  -208.6  -175.4  -178.6  -205.9  -216.4  -220.6
  -221.6  -213.3  -208.9  -210.6  -199.2  -184.6  -168.7  -156.1
  -153.8  -140.5  -131.2  -100.4   -66.8   -40.3    -4.0    47.7
    84.6   112.5   109.3    98.7    88.0   116.2   130.2    87.4
   146.8     8.4     5.1   -19.0   -19.7   -31.4   -23.9   -17.9
   -15.3   -12.5   -20.4   -28.9   -36.6   -37.4   -38.7   -40.3
  -314.4  -309.9  -313.1  -307.1  -311.4  -310.5  -306.9  -300.6
  -288.2  -278.2  -275.8  -277.0  -273.0  -264.7  -260.7  -254.1
  -252.6  -240.5  -239.7  -218.2  -210.0  -221.4  -235.5  -242.3
  -238.4  -232.7  -225.0  -218.6  -211.9  -207.7  -202.4  -181.1
  -169.1  -155.3  -110.3   -88.5   -88.3   -54.9   -23.4    -5.9
    11.0    24.6    16.7    26.6    67.6   110.4   141.0   102.5
   124.9    97.4    77.1    83.7    30.0   -16.4   -27.7   -19.4
   -18.2   -23.6   -24.1   -27.6   -32.9   -34.2   -34.0   -30.6
  -329.6  -322.0  -316.7  -322.2  -329.0  -324.8  -326.3  -327.2
  -309.4  -301.7  -290.6  -291.1  -291.1  -276.9  -277.6  -275.7
  -268.7  -264.9  -259.7  -242.1  -242.3  -239.6  -249.2  -250.7
  -247.9  -241.1  -242.2  -235.0  -225.9  -220.1  -212.9  -192.2
  -195.7  -175.7  -153.2  -127.2  -117.7   -95.7   -79.1   -50.6
   -24.6   -16.2     5.2    -5.0    31.1    62.5    86.2    93.4
   111.4    96.8    85.1   126.3   166.9    70.3   -10.5   -36.0
   -36.6   -34.9   -31.9   -31.6   -33.4   -31.0   -25.2   -17.1
  -319.6  -322.0  -321.8  -324.5  -332.3  -337.1  -338.4  -333.2
  -322.3  -317.3  -306.3  -307.9  -299.8  -303.4  -293.4  -287.0
  -282.2  -277.6  -275.0  -265.2  -254.4  -250.0  -259.7  -265.6
  -257.5  -259.3  -206.5  -241.9  -244.3  -243.1  -240.9  -237.9
  -220.1  -209.6  -197.0  -175.2  -155.1  -136.4   -95.8   -60.0
   -42.4   -21.8   -17.4    -5.4     6.6    38.6    60.6    89.0
   111.7   110.1    91.3    98.3   128.5   141.1   137.4   -12.9
   -62.1   -54.7   -44.9   -36.6   -34.7   -26.8   -22.2   -12.9
  -322.1  -324.1  -311.4  -315.5  -325.2  -333.7  -331.6  -308.5
  -308.6  -304.4  -306.8  -303.4  -278.7  -286.4  -282.7  -281.3
  -288.1  -292.9  -288.7  -271.3  -274.3  -271.1  -272.8  -277.3
  -285.3  -288.5  -283.4  -270.1  -268.3  -264.2  -262.9  -255.4
  -238.1  -229.4  -219.1  -199.2  -180.6  -165.6  -147.0  -125.5
  -102.9   -83.1   -66.9   -52.7   -31.4    -9.8    13.1    50.6
    78.9    90.0    97.4    90.1    94.3    81.9   130.2    72.4
   -50.6   -72.8   -54.3   -30.2   -24.5   -16.4    -9.5     0.1
  -284.3  -304.8  -287.2  -252.8  -308.2  -319.6  -335.9  -312.4
  -289.7  -275.1  -257.6  -238.1  -239.6  -256.2  -275.3  -286.0
  -279.2  -293.6  -297.5  -289.4  -292.7  -296.6  -295.8  -290.1
  -286.1  -289.9  -289.1  -282.9  -280.9  -282.5  -279.4  -275.2
  -261.1  -250.7  -237.8  -220.0  -203.4  -191.6  -167.8  -134.4
  -122.0  -111.5   -95.4   -77.9   -61.6   -42.2   -25.9    -0.2
    63.9    93.1    80.1   107.5    95.7    97.5    87.9   239.8
    97.4   -60.1   -63.6   -32.3   -14.4    -8.0     1.8     5.8
  -292.9  -288.2  -304.8  -319.7  -324.3  -312.1  -309.9  -295.1
  -297.8  -260.7  -243.8  -237.9  -245.7  -266.2  -264.8  -255.9
  -249.1  -263.3  -277.5  -273.6  -284.5  -301.7  -306.2  -305.5
  -301.7  -300.1  -290.5  -279.9  -277.0  -292.3  -298.6  -287.1
  -280.5  -269.6  -249.0  -242.5  -221.1  -214.5  -184.9  -163.7
  -146.8  -136.7  -110.9   -94.9   -73.2   -56.9   -36.9   -22.9
   -10.7    41.6    86.2   115.6   113.9   131.0    90.4   241.3
   178.2    -0.5   -71.8   -56.1   -31.9   -19.1   -13.1    -4.1
  -294.3  -286.8  -268.6  -300.1  -325.0  -286.6  -292.4  -315.1
  -326.1  -302.1  -272.3  -262.6  -275.1  -286.2  -278.6  -251.8
  -267.9  -263.5  -265.2  -245.6  -235.9  -257.0  -289.6  -303.0
  -306.0  -298.4  -269.9  -249.1  -249.8  -254.1  -270.7  -257.9
  -291.3  -277.2  -261.6  -248.8  -219.3  -216.8  -204.1  -193.2
  -175.8  -134.8  -112.8   -72.8   -91.4   -67.0   -48.2   -25.7
    -9.8     8.9    25.9   114.0   151.3   101.3   102.3   127.4
   314.8   138.9    61.5   -95.0   -64.2   -22.5    -8.0     5.5
  -167.1  -183.4  -197.5  -251.9  -275.7  -255.5  -263.4  -284.4
  -295.5  -289.5  -278.9  -275.0  -249.2  -257.2  -241.8  -213.2
  -234.9  -277.4  -287.6  -277.7  -274.5  -267.7  -229.4  -235.6
  -231.0  -223.2  -249.4  -240.7  -242.6  -256.0  -245.9  -210.3
  -295.3  -285.4  -273.9  -252.8  -212.2  -205.9  -224.9  -216.2
  -182.9  -155.0  -156.1  -128.6  -105.6   -52.1   -25.6   -12.4
   -43.4   -29.0    -4.3    15.6   100.2    93.9    44.9   126.4
   153.3   337.6   481.9    17.6  -113.0   -54.3   -28.0    -0.6
  -250.7  -266.7  -228.8  -239.2  -277.5  -263.4  -241.1  -266.4
  -281.7  -282.4  -260.0  -257.6  -247.6  -260.2  -266.3  -275.4
  -277.9  -266.7  -256.9  -282.3  -272.1  -262.2  -257.4  -229.7
  -186.1  -185.8  -192.3  -192.0  -229.1  -202.8  -210.6  -195.6
  -266.9  -271.2  -270.4  -235.9  -230.4  -186.6  -230.8  -235.4
  -209.9  -180.4  -137.5  -130.5  -117.3  -102.0   -89.1   -86.6
   -71.4   -55.1   -42.5   -34.6    -7.6    64.3    96.8    84.6
   129.2   277.2   432.9   244.3  -119.2   -82.4   -46.4    -1.9
  -264.4  -230.9  -265.5  -267.1  -248.0  -261.5  -261.6  -240.4
  -246.9  -232.1  -214.0  -230.1  -253.4  -262.2  -268.1  -266.8
  -263.2  -235.2  -183.6  -189.6  -186.5  -168.5  -250.6  -242.7
  -246.8  -257.3  -249.9  -250.4  -250.7  -255.7  -238.4  -204.4
  -212.2  -259.2  -275.3  -267.2  -238.1  -239.5  -248.8  -246.7
  -220.4  -216.7  -201.9  -159.6  -139.1  -116.6  -104.4   -92.7
   -84.2   -84.1   -60.1   -42.6   -17.1    -6.2    73.9   106.1
    78.6   151.1   315.1   351.6   -85.4   -68.9   -56.5   -22.8
  -216.6  -269.5  -229.2  -251.7  -286.2  -290.1  -274.2  -267.8
  -266.5  -233.5  -222.4  -247.1  -274.3  -296.0  -292.7  -298.6
  -283.9  -273.6  -263.3  -255.4  -236.6  -252.4  -254.2  -239.4
  -243.2  -266.5  -275.8  -280.9  -277.3  -278.1  -268.8  -176.0
  -194.3  -244.2  -302.4  -288.3  -243.9  -247.9  -249.9  -221.7
  -220.4  -217.0  -211.7  -205.7  -189.8  -150.7  -117.4  -113.2
  -109.2  -111.2   -93.5   -82.0   -59.5   -14.2   -15.6    39.1
    83.0   115.8   167.2   214.3   173.1    95.9   111.7    13.0
  -175.3  -116.4  -104.8  -153.3  -149.8  -192.5  -260.0  -281.3
  -248.9  -237.1  -215.4  -235.0  -232.3  -229.7  -227.2  -242.6
  -255.0  -277.1  -262.8  -246.2  -258.1  -255.4  -252.4  -275.5
  -280.4  -264.2  -289.6  -285.6  -280.2  -288.6  -264.4  -256.6
  -220.2  -111.6  -257.8  -253.0  -260.9  -251.7  -235.5  -213.4
  -194.7  -211.3  -215.8  -207.2  -195.1  -175.6  -158.0  -141.9
  -134.3  -117.9   -92.5   -96.7   -86.9   -59.0   -36.9    10.2
    55.4   109.9   132.7   174.2   224.3   200.5   238.4   -88.4
  -140.7   -72.6  -116.2  -129.6  -173.9  -202.5  -202.6  -183.6
  -214.6  -189.9  -178.5  -181.5  -176.6  -187.6  -181.5  -231.3
  -261.7  -258.7  -268.9  -283.2  -273.8  -271.7  -265.9  -237.8
  -277.4  -273.9  -259.7  -256.9  -272.5  -275.6  -268.9  -230.4
   -92.6   -40.4  -190.3  -197.3  -239.4  -250.8  -240.1  -210.5
  -202.7  -235.3  -229.7  -221.2  -167.0  -170.7  -162.3  -150.7
  -141.8  -105.2  -102.1   -95.5   -50.4   -65.1   -39.7    -8.4
    35.7    76.8   108.7   147.4   231.8    97.7    27.8    19.4
  -215.7  -166.3  -180.7  -206.9  -214.6  -228.8  -199.5  -144.9
  -201.9  -252.8  -238.4  -162.7  -250.8  -282.0  -264.0  -289.4
  -247.4  -210.8  -216.8  -216.5  -226.9  -266.4  -305.0  -259.1
  -249.5  -238.2  -252.4  -238.7  -224.3  -218.8  -213.9  -206.2
  -156.4  -144.0  -205.1  -248.0  -229.0  -196.9  -254.5  -243.2
  -232.1  -231.5  -226.7  -197.3  -187.5  -192.8  -165.0  -178.5
  -165.7  -114.9  -126.5  -119.5   -95.2   -68.5   -16.5   -25.5
     4.5    48.4    90.0   129.5   144.6   126.3    93.4    45.6
  -249.1  -216.6  -192.7   -73.7   -42.4   -85.8  -123.8  -301.2
  -306.7  -279.7  -240.5  -273.6  -305.4  -290.8  -296.9  -335.4
  -324.0  -282.4  -278.2  -252.9  -230.5  -264.7  -261.2  -239.3
  -237.2  -200.0  -132.4  -197.9  -262.4  -219.1  -242.7  -240.8
  -243.0  -236.2  -269.6  -284.5  -270.1  -245.2  -235.8  -259.5
  -271.3  -252.9  -255.8  -258.4  -250.7  -236.1  -197.7  -199.1
  -152.8  -136.0  -135.9  -150.6  -124.5   -98.2   -68.4   -26.9
    28.7    33.8    58.2   121.8   159.4   236.1   215.9   173.4
  -298.1  -233.5  -219.6  -145.5  -155.0   -96.6  -211.1  -316.1
  -309.9  -282.5  -287.4  -213.9  -235.9  -264.8  -266.0  -277.1
  -273.2  -278.6  -187.3  -271.4  -253.5  -232.5  -252.0  -255.1
  -240.6  -227.6  -211.0  -216.7  -205.2  -186.3  -247.4  -239.1
  -232.0  -274.5  -297.7  -295.5  -262.5  -269.1  -255.4  -257.2
  -273.1  -266.5  -253.9  -255.1  -249.4  -237.3  -210.5  -190.1
  -153.8  -163.2  -168.9  -163.7  -137.2  -127.5  -102.4   -65.2
    40.8    63.2    55.5   102.3   175.6   173.3   288.1   453.4
  -282.6  -227.2  -286.2  -271.6  -245.8  -229.6  -239.3  -257.8
  -242.8  -172.5  -207.0  -290.5  -317.4  -307.6  -301.3  -317.1
  -297.0  -127.1   -45.9  -281.7  -278.4  -234.9  -248.4  -241.1
  -227.3  -200.7  -221.2  -224.9  -268.2  -267.2  -266.1  -272.8
  -289.5  -283.9  -297.2  -280.0  -267.5  -273.0  -271.9  -265.0
  -267.8  -250.9  -240.4  -242.2  -246.9  -228.2  -219.4  -217.3
  -220.1  -207.2  -191.6  -164.1  -144.4  -128.1   -94.1   -27.8
    26.3   147.1    93.3   116.4   319.2   183.9   238.4   322.7
  -325.6  -279.0  -225.5  -319.1  -268.6  -297.3  -315.2  -297.5
  -312.0  -328.0  -350.2  -338.3  -337.6  -322.8  -313.7  -309.0
  -301.8  -184.9  -243.4  -320.2  -313.7  -294.8  -276.6  -277.8
  -232.5  -211.6  -191.6  -240.9  -261.4  -279.2  -312.1  -304.8
  -303.6  -313.9  -292.6  -264.8  -241.9  -270.5  -272.9  -262.2
  -272.4  -261.6  -257.6  -249.0  -250.2  -242.2  -242.3  -240.0
  -227.1  -214.1  -199.7  -176.4  -162.9  -136.8   -91.1   -36.7
    14.2    19.1    91.6   116.0   415.5   249.1   275.5   214.8
  -339.4  -307.0  -299.7  -280.5  -318.4  -341.1  -334.1  -343.6
  -363.0  -378.0  -377.0  -364.4  -351.6  -326.4  -333.0  -315.9
  -270.0  -245.6  -285.8  -307.9  -303.0  -305.1  -293.9  -249.5
  -223.0  -213.1  -216.6  -276.7  -297.1  -299.9  -290.2  -304.6
  -311.1  -302.7  -279.5  -257.5  -247.4  -234.1  -257.9  -218.1
  -239.0  -254.0  -271.7  -257.0  -246.1  -242.0  -239.8  -237.3
  -230.4  -217.8  -190.5  -173.4  -164.9  -147.7  -112.7   -30.9
    -9.8    26.6    45.8   131.6   319.1   319.6   197.9   198.7
  -384.7  -317.7  -318.9  -324.9  -383.2  -367.1  -326.6  -318.8
  -368.1  -365.6  -380.0  -366.1  -348.0  -355.1  -349.9  -324.2
  -191.9  -268.6  -332.0  -306.0  -319.1  -318.3  -302.2  -262.1
  -250.5  -261.4  -287.0  -317.5  -281.8  -291.6  -305.3  -307.1
  -296.8  -278.3  -259.8  -278.2  -250.3  -256.7  -264.6  -252.1
  -208.7  -230.7  -270.5  -259.3  -251.3  -243.6  -241.2  -242.9
  -228.1  -212.2  -200.2  -168.5  -168.8  -131.2   -66.9   -74.8
   -77.6    16.4   182.1   137.6   226.3   430.1   305.7    73.1
  -367.1  -348.7  -395.1  -413.9  -329.9  -303.0  -325.0  -337.1
  -332.4  -292.1  -295.6  -323.8  -328.1  -369.8  -339.3  -285.9
  -233.6  -324.1  -303.2  -322.7  -348.8  -339.8  -313.4  -293.0
  -297.6  -315.7  -328.3  -315.4  -294.3  -297.5  -286.2  -279.0
  -253.9  -264.7  -259.0  -272.1  -266.0  -277.4  -298.4  -266.0
  -243.1  -246.6  -257.4  -250.9  -242.4  -225.6  -202.2  -227.0
  -227.3  -200.0  -199.7  -183.3  -167.7  -125.0  -121.5  -129.7
  -101.1   -43.6   103.8   126.1   115.7   296.9   450.6   336.0
  -448.9  -411.5  -386.7  -341.4  -326.9  -322.6  -264.2  -186.7
  -281.5  -251.0  -234.1  -289.1  -360.1  -364.5  -279.7  -288.6
  -297.7  -313.6  -312.8  -342.1  -341.1  -339.3  -331.6  -321.4
  -327.8  -327.1  -326.5  -319.9  -304.4  -284.0  -263.0  -256.5
  -228.1  -272.3  -258.4  -265.2  -268.9  -281.3  -274.1  -279.8
  -261.9  -240.9  -238.6  -227.9  -215.6  -205.8  -189.6  -181.5
  -218.6  -197.5  -175.6  -190.4  -171.2  -161.1  -147.9  -129.1
   -72.8   -76.6    -3.7    29.0    79.7   138.0   326.5   558.8
  -391.4  -402.3  -397.3  -367.3  -300.2  -229.9  -270.1  -204.4
  -236.4  -217.2  -347.8  -415.5  -395.3  -371.2  -327.3  -327.9
  -356.2  -334.4  -292.1  -343.1  -335.2  -314.4  -324.1  -342.5
  -334.3  -333.6  -320.3  -293.8  -298.6  -261.9  -256.9  -237.5
  -246.3  -261.7  -242.9  -267.9  -277.1  -254.1  -262.4  -271.3
  -266.9  -252.5  -233.4  -231.4  -225.0  -188.4  -216.7  -211.4
  -223.0  -205.8  -189.1  -193.5  -184.7  -169.3  -141.9  -103.5
   -78.6   -79.6   -70.3   -11.1    44.9   105.0   175.1   444.8
  -376.6  -390.3  -384.9  -343.6  -318.0  -286.0  -225.2  -333.8
  -342.1  -299.4  -369.2  -331.7  -400.2  -370.1  -333.4  -327.2
  -369.5  -318.7  -299.9  -316.3  -280.7  -310.9  -355.8  -351.9
  -327.7  -340.7  -293.4  -312.9  -294.1  -257.4  -264.3  -255.9
  -257.9  -255.9  -255.2  -276.3  -273.1  -215.6  -231.1  -246.6
  -260.0  -251.3  -238.0  -247.8  -245.2  -218.9  -203.9  -227.1
  -219.0  -212.2  -194.4  -196.1  -183.6  -160.5  -128.9   -75.9
   -70.2   -46.4   -21.3     5.8    44.7   104.8   164.7   218.3
  -428.0  -367.5  -400.8  -378.1  -393.7  -397.5  -317.4  -389.4
  -411.2  -423.6  -337.5  -399.2  -358.6  -352.8  -337.5  -352.4
  -323.5  -279.2  -303.1  -302.5  -273.7  -330.6  -388.0  -373.0
  -361.0  -351.8  -329.7  -326.1  -306.9  -282.0  -297.5  -284.2
  -270.2  -250.6  -279.2  -284.2  -271.3  -228.7  -274.0  -266.7
  -275.1  -242.8  -235.9  -241.6  -240.1  -238.1  -217.1  -205.6
  -206.4  -201.1  -200.7  -187.6  -180.6  -161.9  -123.4   -85.9
   -81.0   -40.8   -15.8     9.7    62.5    96.3   119.6   135.1
  -438.0  -376.8  -313.6  -390.3  -440.9  -461.1  -428.4  -382.2
  -478.9  -434.7  -441.5  -407.0  -354.2  -375.2  -371.0  -363.3
  -348.1  -346.8  -333.4  -324.5  -318.9  -369.6  -385.6  -361.6
  -364.7  -352.4  -355.2  -345.1  -334.8  -327.2  -324.5  -326.1
  -318.5  -308.5  -297.4  -297.5  -284.7  -238.0  -299.5  -305.1
  -284.6  -251.6  -267.7  -258.1  -237.2  -243.3  -238.3  -219.0
  -212.9  -188.2  -193.4  -179.4  -171.0  -153.9  -117.9   -95.5
   -82.3   -65.2   -42.7   -18.1    18.1    69.1   101.2   132.0
  -455.5  -444.4  -429.3  -453.1  -442.1  -532.9  -583.1  -547.5
  -417.5  -435.4  -434.3  -393.1  -381.8  -390.8  -388.2  -380.8
  -367.9  -373.9  -369.1  -352.3  -376.7  -394.6  -365.1  -376.1
  -367.4  -344.7  -336.8  -362.6  -357.2  -351.6  -346.8  -342.4
  -324.5  -310.7  -301.7  -292.1  -251.1  -267.6  -309.4  -303.6
  -261.7  -265.6  -275.9  -257.9  -240.7  -242.1  -253.5  -228.7
  -222.5  -193.6  -196.7  -186.5  -162.9  -152.4  -128.0  -110.3
   -83.8   -62.1   -54.8   -20.1     5.7    26.5    50.1    69.5
  -457.5  -456.6  -428.6  -476.6  -499.3  -515.0  -522.3  -481.2
  -410.7  -434.6  -386.8  -399.2  -365.9  -386.1  -379.2  -378.0
  -385.1  -385.7  -395.1  -395.1  -395.7  -393.2  -383.6  -382.4
  -371.8  -363.6  -372.3  -378.0  -373.8  -365.1  -356.6  -337.9
  -324.3  -322.2  -312.9  -299.1  -297.1  -277.3  -281.4  -302.6
  -248.0  -246.9  -292.8  -258.6  -252.9  -237.0  -234.3  -232.2
  -222.9  -192.4  -194.3  -186.0  -163.5  -162.2  -142.2  -115.2
   -95.6   -77.8   -57.2   -44.0   -13.2     2.2    22.7    47.8
  -429.0  -440.8  -437.6  -480.7  -494.7  -494.6  -542.3  -493.1
  -441.1  -421.9  -395.6  -386.0  -369.4  -380.3  -377.3  -382.0
  -391.4  -398.4  -397.3  -386.7  -397.1  -400.6  -390.6  -387.5
  -381.8  -366.4  -389.2  -384.3  -376.1  -365.8  -355.5  -342.4
  -319.7  -325.9  -330.8  -304.0  -311.3  -311.1  -294.4  -295.5
  -259.6  -237.2  -295.5  -250.3  -251.3  -244.7  -243.2  -226.1
  -228.5  -189.6  -195.0  -186.5  -167.4  -169.5  -155.7  -128.0
  -113.7   -94.9   -70.3   -53.3   -39.8   -28.8    -6.5    12.0
  -466.9  -460.0  -464.0  -486.0  -509.1  -529.6  -539.8  -547.0
  -420.0  -421.7  -389.3  -384.3  -400.5  -398.8  -377.4  -375.8
  -372.5  -357.6  -391.6  -393.7  -393.2  -388.4  -394.1  -385.0
  -369.0  -362.6  -401.4  -385.9  -358.8  -341.6  -338.0  -338.6
  -314.9  -294.5  -304.2  -314.5  -318.2  -305.2  -289.8  -278.2
  -262.4  -276.6  -280.9  -231.5  -239.7  -246.1  -240.4  -228.1
  -211.8  -183.6  -207.2  -188.2  -177.9  -171.3  -155.1  -137.2
  -115.8   -93.1   -76.6   -51.5   -42.5    -7.7   -38.9    -6.7
  -446.0  -502.3  -523.1  -502.9  -471.6  -473.2  -539.3  -504.0
  -399.9  -391.4  -389.8  -397.9  -385.0  -378.3  -376.9  -376.7
  -364.1  -363.0  -382.3  -391.9  -393.6  -392.6  -400.1  -388.4
  -353.4  -356.4  -397.5  -376.0  -340.3  -334.6  -330.4  -324.5
  -314.1  -276.7  -308.5  -308.8  -303.9  -284.2  -222.8  -129.0
  -256.0  -298.0  -279.4  -230.9  -240.5  -249.6  -240.5  -232.6
  -200.4  -195.8  -205.6  -190.1  -186.3  -172.0  -160.3  -145.1
  -107.6   -32.7   -68.0   -50.9   -64.5    -5.2   -53.0   -46.8
  -445.9  -474.6  -503.1  -588.2  -596.9  -569.5  -590.0  -491.2
  -420.9  -399.2  -389.7  -393.5  -392.9  -387.3  -374.6  -363.5
  -368.5  -384.4  -391.9  -395.3  -388.4  -395.6  -387.7  -379.0
  -375.4  -381.8  -400.4  -375.1  -347.2  -329.9  -332.2  -329.3
  -319.7  -315.8  -325.8  -318.4  -296.2  -252.3   -66.7  -203.6
  -246.5  -305.6  -296.5  -253.7  -249.5  -253.3  -249.2  -235.8
  -196.2  -201.2  -204.9  -196.0  -187.8  -181.0  -168.1  -143.4
   -97.1   -48.4   -85.3   -71.0   -82.2   -53.9   -71.2   -38.8
  -431.6  -432.0  -444.6  -482.4  -530.8  -559.8  -569.3  -542.8
  -486.6  -444.1  -417.0  -434.2  -413.6  -407.7  -394.6  -413.9
  -412.9  -420.0  -409.9  -402.4  -384.7  -365.6  -336.5  -376.1
  -377.3  -369.6  -385.2  -368.0  -354.5  -332.9  -328.3  -335.2
  -338.0  -331.2  -329.8  -316.1  -289.4  -206.9  -118.3   -96.0
  -266.6  -297.4  -283.9  -251.3  -243.3  -245.6  -236.4  -228.1
  -205.6  -205.1  -203.9  -200.3  -193.3  -194.4  -174.6  -153.4
  -129.1  -130.8  -118.6  -117.5  -115.0   -98.2   -87.8   -44.6
  -439.8  -440.2  -444.9  -456.0  -480.0  -501.7  -508.1  -515.3
  -495.0  -483.9  -464.5  -438.4  -421.4  -418.8  -418.7  -416.2
  -409.6  -404.8  -420.4  -418.7  -413.1  -400.9  -327.3  -364.8
  -365.7  -338.7  -343.5  -332.9  -352.5  -330.9  -334.8  -337.9
  -347.4  -345.1  -327.7  -321.0  -291.8  -240.7  -205.5   -98.5
  -314.7  -286.0  -287.5  -264.9  -249.1  -243.2  -246.6  -229.0
  -212.4  -218.7  -221.7  -208.9  -209.0  -199.5  -183.4  -175.8
  -163.0  -154.4  -146.3  -138.1  -125.1  -112.8   -94.8   -61.4
  -455.1  -484.2  -477.3  -479.9  -490.2  -493.5  -479.7  -465.6
  -457.2  -448.9  -448.3  -432.4  -420.4  -389.5  -388.8  -397.1
  -375.7  -447.7  -453.3  -437.0  -397.5  -430.5  -367.9  -363.1
  -358.7  -342.2  -333.6  -351.0  -349.3  -330.5  -323.7  -336.4
  -354.4  -337.6  -326.7  -314.2  -300.6  -276.2  -210.6  -203.8
  -284.9  -273.2  -284.3  -268.1  -262.3  -243.6  -233.8  -225.6
  -224.3  -225.8  -229.3  -228.4  -218.4  -210.6  -196.5  -185.7
  -172.6  -162.6  -158.8  -152.0  -135.8  -125.8  -109.3   -81.3
  -430.2  -487.0  -388.9  -388.1  -381.6  -424.4  -475.6  -466.8
  -456.6  -442.6  -426.3  -415.4  -386.3  -331.0  -398.9  -404.4
  -423.4  -416.8  -391.1  -335.2  -380.6  -429.6  -386.7  -362.2
  -366.5  -355.6  -349.4  -350.2  -361.0  -346.5  -319.9  -348.3
  -350.6  -335.5  -334.2  -309.9  -296.2  -259.6  -187.7  -243.4
  -292.8  -279.2  -275.7  -266.7  -245.2  -249.5  -229.1  -217.8
  -220.1  -217.4  -223.6  -226.4  -225.4  -208.9  -187.6  -167.7
  -146.1  -163.9  -169.9  -157.9  -148.7  -130.1  -110.8   -90.5
  -240.0  -206.2  -198.5  -176.2  -179.4  -222.3  -330.2  -396.8
  -484.7  -452.4  -436.8  -386.4  -381.4  -418.6  -398.4  -396.5
  -394.6  -408.8  -416.2  -422.1  -430.3  -406.3  -403.8  -362.0
  -366.8  -359.5  -346.9  -334.5  -333.9  -339.4  -348.4  -351.2
  -343.7  -335.0  -331.5  -314.2  -303.2  -227.0  -206.1  -283.6
  -286.4  -290.6  -280.7  -259.1  -268.7  -251.7  -242.6  -235.4
  -216.4  -208.0  -215.5  -224.4  -218.0  -210.0  -162.1  -175.7
  -174.6  -170.5  -175.4  -164.4  -154.9  -136.6  -127.4  -104.4
  -304.3  -257.4  -197.2  -176.6  -136.4  -205.5  -233.6  -257.7
  -346.3  -381.3  -384.7  -390.1  -391.6  -353.0  -379.6  -388.8
  -415.3  -411.2  -442.5  -430.6  -434.4  -406.6  -404.1  -373.6
  -368.0  -362.9  -358.4  -345.4  -341.8  -334.4  -345.1  -357.4
  -352.0  -345.4  -335.4  -322.5  -319.4  -235.9  -272.5  -269.8
  -234.8  -292.9  -277.8  -239.9  -261.1  -252.1  -250.4  -243.7
  -223.5  -166.7  -217.7  -223.5  -198.1  -154.8  -105.1  -167.7
  -179.5  -169.8  -179.1  -169.2  -162.4  -144.4  -132.3  -118.3
  -255.7  -263.6  -225.6  -190.6  -279.4  -268.7  -232.4  -272.5
  -324.6  -260.2  -246.6  -309.0  -334.0  -359.3  -405.4  -427.8
  -363.9  -185.3  -360.4  -384.5  -376.2  -412.2  -401.9  -388.9
  -370.2  -351.7  -345.9  -345.1  -340.6  -349.1  -354.3  -359.1
  -357.9  -343.8  -330.0  -327.8  -327.2  -276.0  -310.3  -295.8
  -262.7  -292.2  -294.4  -274.2  -255.9  -254.1  -260.2  -256.7
  -235.9  -163.1  -212.4  -206.2  -224.7  -222.4  -204.4  -190.0
  -195.7  -187.5  -183.6  -173.9  -167.8  -157.9  -135.9  -124.4
  -181.2  -130.8  -122.5  -159.5  -195.0  -191.2  -155.9  -181.6
  -226.2  -207.7  -181.2  -221.7  -226.4  -356.2  -415.1  -428.9
  -356.7  -395.0  -332.2  -293.9  -360.5  -330.9  -366.5  -394.4
  -370.2  -355.5  -352.2  -350.2  -343.2  -354.1  -356.8  -352.9
  -357.7  -339.3  -340.0  -331.5  -329.4  -312.4  -309.9  -301.7
  -291.0  -288.4  -282.0  -270.1  -269.5  -240.2  -245.5  -253.4
  -248.8  -223.6  -214.7  -223.6  -228.5  -236.5  -237.9  -213.6
  -197.8  -196.6  -189.5  -171.6  -169.1  -166.6  -152.4  -138.9
    -7.6    30.0   -11.9  -708.2  -342.4  -114.7  -138.3  -239.4
  -320.9  -277.5  -222.2  -316.0  -304.7  -398.5  -374.2  -374.6
  -259.5  -351.6  -327.2  -382.9  -315.9  -333.5  -374.6  -396.2
  -370.7  -361.7  -352.0  -349.7  -350.6  -352.2  -353.3  -351.0
  -345.4  -341.1  -347.5  -338.5  -331.4  -313.0  -302.0  -287.8
  -285.9  -293.0  -289.0  -265.7  -262.3  -254.5  -241.2  -215.9
  -249.4  -236.2  -231.2  -240.5  -235.2  -242.5  -240.3  -231.6
  -215.1  -205.6  -191.3  -174.5  -179.2  -174.8  -156.1  -145.4
  -138.1    -0.4  -140.1  -517.0  -482.8  -157.8  -226.2  -340.1
  -281.6  -230.8  -300.3  -157.3  -164.6  -253.6  -360.1  -359.5
  -431.2  -628.4  -553.7  -392.5  -294.4  -393.2  -420.4  -391.3
  -369.0  -359.4  -357.1  -360.7  -348.5  -345.4  -345.4  -348.3
  -348.1  -346.9  -349.5  -343.7  -332.5  -313.3  -306.3  -284.4
  -266.3  -284.1  -297.9  -284.1  -268.1  -201.5  -247.8  -250.1
  -238.7  -228.8  -223.1  -245.0  -235.0  -243.8  -244.1  -239.0
  -235.5  -223.9  -214.8  -203.3  -189.9  -176.9  -166.7  -155.3
   -99.9  -115.0  -167.7  -507.1  -411.2  -308.2  -390.9  -396.8
  -328.6  -216.1   -65.5   -91.6  -113.3  -274.3  -201.2  -202.2
  -577.5  -635.7  -406.6  -222.4  -363.3  -421.0  -408.6  -376.7
  -357.6  -357.0  -366.1  -353.3  -339.7  -329.9  -316.1  -341.6
  -339.8  -333.4  -350.3  -341.1  -329.4  -311.5  -312.9  -302.4
  -275.8  -232.9  -308.4  -284.7  -272.3  -255.3  -256.1  -249.4
  -227.9  -228.9  -238.3  -243.6  -241.3  -241.0  -241.2  -240.1
  -237.9  -234.9  -226.4  -217.0  -206.2  -198.9  -179.4  -163.8
    -3.3   106.1  -165.0  -150.5  -260.5  -319.2  -165.9  -151.3
  -251.2   -84.9   -33.1   -90.3  -185.1  -196.6  -121.6  -223.4
  -359.3  -498.5  -280.7  -293.2  -344.6  -392.3  -399.9  -376.7
  -372.4  -374.3  -367.7  -341.3  -315.5  -311.2  -301.0  -330.3
  -330.4  -341.7  -346.8  -338.5  -324.9  -323.7  -318.5  -310.1
  -291.7  -263.5  -290.5  -283.3  -267.1  -262.4  -261.0  -257.1
  -234.3  -227.7  -233.2  -244.3  -255.2  -246.3  -237.0  -228.7
  -231.6  -237.6  -237.0  -218.0  -210.2  -196.8  -184.7  -182.9
  -151.5  -182.5  -216.1  -137.8   -99.4  -159.4  -132.0  -212.6
  -163.7  -166.7   -80.8  -114.7  -101.1  -124.3  -140.7  -208.2
  -307.3  -356.3  -326.9  -401.8  -407.9  -416.7  -396.8  -396.6
  -385.7  -381.2  -371.4  -349.3  -328.7  -318.8  -316.4  -308.3
  -326.8  -335.6  -338.0  -337.3  -319.8  -328.4  -326.1  -313.5
  -292.1  -283.0  -302.2  -290.5  -287.2  -271.4  -259.5  -261.2
  -259.8  -246.1  -244.2  -245.9  -250.3  -250.0  -228.5  -230.0
  -234.3  -243.6  -239.9  -234.0  -223.1  -210.3  -203.8  -195.5
  -365.8  -379.8  -332.4  -270.0  -197.9  -184.6  -182.3  -268.1
  -287.2  -137.6   -17.8   -38.0  -116.3  -255.4  -142.1  -155.4
  -265.9  -380.3  -444.2  -430.9  -408.1  -399.4  -411.0  -398.0
  -391.5  -385.4  -367.6  -357.3  -338.6  -321.0  -321.2  -309.7
  -317.8  -318.7  -325.5  -308.6  -301.9  -310.3  -321.1  -319.1
  -295.1  -288.2  -282.9  -279.1  -282.7  -274.3  -259.9  -256.8
  -260.6  -253.1  -252.1  -255.6  -255.4  -255.8  -243.5  -238.7
  -242.0  -244.3  -240.9  -236.7  -230.9  -217.8  -207.0  -201.3
  -278.0  -344.5  -295.0  -246.7  -182.4  -105.6  -211.5  -371.3
  -177.1   -57.4   -15.3   -72.7  -158.0  -172.1   -39.7  -132.9
  -250.3  -337.7  -310.0  -416.5  -399.3  -419.1  -414.8  -403.6
  -395.3  -389.9  -366.2  -349.4  -336.0  -338.0  -327.5  -327.1
  -333.2  -323.4  -308.9  -290.6  -288.4  -288.6  -319.1  -317.5
  -296.1  -266.3  -277.8  -260.1  -258.8  -258.0  -253.1  -249.9
  -256.6  -253.9  -256.1  -259.6  -253.9  -263.1  -254.4  -248.7
  -246.6  -245.5  -240.3  -232.0  -233.9  -227.8  -218.2  -212.5
  -315.0  -321.2  -264.7  -316.7  -314.8  -475.3  -521.0  -393.8
  -106.1   -61.2  -175.1  -154.6  -177.8  -159.0  -170.7  -198.6
  -142.2  -276.8  -334.2  -417.2  -426.8  -414.2  -412.9  -405.7
  -395.3  -384.1  -366.6  -361.2  -351.5  -341.8  -345.2  -350.8
  -339.1  -321.6  -305.3  -284.1  -267.9  -265.4  -298.6  -313.9
  -285.1  -246.6  -234.4  -234.4  -232.8  -247.6  -253.9  -260.0
  -268.2  -275.7  -265.0  -263.8  -261.6  -265.1  -266.7  -260.4
  -252.3  -247.0  -244.1  -241.8  -240.0  -233.0  -230.6  -225.5
  -241.2  -338.5  -428.3  -381.9  -492.1  -547.0  -277.9  -259.7
   -85.7  -126.3   -83.7   -33.8    79.0  -180.0  -310.9  -236.9
  -203.5  -378.0  -468.6  -429.1  -453.2  -452.4  -415.1  -397.6
  -399.9  -392.9  -375.8  -375.6  -374.9  -374.6  -366.4  -359.7
  -336.2  -318.2  -285.0  -266.9  -261.7  -250.2  -254.8  -295.8
  -287.9  -250.7  -188.6  -169.4  -159.7  -252.6  -262.8  -263.2
  -276.5  -276.4  -277.4  -266.2  -263.3  -264.1  -266.4  -265.5
  -253.5  -251.1  -251.1  -252.2  -249.7  -246.9  -242.0  -235.0
  -441.6  -324.1  -426.3  -359.3  -594.5  -302.7    15.6  -275.5
  -238.5  -171.9   -70.8   135.0   -18.1  -111.9  -322.4  -320.7
  -222.5  -314.6  -413.1  -426.6  -454.6  -455.4  -411.9  -396.5
  -390.4  -372.7  -354.3  -349.2  -376.0  -381.9  -365.4  -347.0
  -340.8  -328.7  -308.0  -296.7  -286.1  -272.3  -280.4  -291.2
  -283.1  -267.1  -227.6  -209.9  -220.4  -237.2  -256.2  -271.7
  -276.6  -276.4  -282.6  -271.6  -263.5  -254.0  -270.2  -267.9
  -261.5  -256.6  -254.7  -257.9  -257.9  -255.9  -247.7  -242.3
  -307.7  -336.8  -440.4  -378.0  -446.1  -286.1   -40.8   -21.7
  -253.6  -256.5  -122.0     8.2   -53.7  -164.9  -242.6  -296.6
  -237.4  -277.0  -341.4  -399.5  -436.7  -429.7  -407.7  -393.7
  -376.1  -349.9  -344.3  -347.2  -369.8  -382.6  -349.5  -337.5
  -334.5  -344.7  -340.8  -307.4  -304.2  -293.0  -282.1  -303.4
  -276.9  -284.6  -282.3  -269.1  -269.1  -264.2  -264.3  -271.7
  -271.3  -270.5  -292.7  -283.1  -274.6  -268.2  -264.7  -269.2
  -268.6  -266.7  -261.2  -265.4  -262.2  -258.5  -253.6  -250.7
  -277.2  -276.9  -336.1  -271.0  -608.9  -381.6  -188.2   -36.3
  -147.4  -265.5  -229.9  -129.2  -170.6  -181.3  -332.8  -261.1
  -199.4  -292.3  -401.8  -448.2  -401.2  -425.4  -419.0  -390.8
  -365.4  -372.9  -352.8  -339.9  -308.3  -358.5  -353.2  -313.5
  -308.4  -335.0  -295.4  -319.5  -309.5  -280.0  -282.1  -269.0
  -276.1  -279.9  -277.2  -281.7  -273.2  -261.6  -268.2  -271.8
  -268.4  -278.2  -288.2  -287.5  -280.3  -274.6  -273.8  -274.7
  -274.6  -271.7  -271.4  -270.0  -265.5  -260.4  -255.9  -248.6
  -259.4  -337.4  -399.3  -491.5  -687.1  -449.9  -346.4   -98.9
   -64.6  -274.4  -172.0  -248.6  -165.0  -257.1  -400.9  -323.4
  -236.0  -277.4  -440.5  -439.9  -388.1  -437.6  -420.0  -378.8
  -356.1  -383.3  -338.7  -353.1  -353.7  -318.6  -304.4  -292.9
  -309.3  -299.2  -315.2  -302.1  -290.4  -289.2  -279.4  -252.4
  -281.0  -277.8  -276.8  -289.4  -285.3  -280.8  -282.1  -284.0
  -287.1  -289.4  -293.2  -289.6  -285.8  -282.7  -279.8  -277.4
  -275.4  -275.4  -275.9  -276.6  -268.4  -261.7  -254.4  -251.7
